640096
641007
641372
641704
642028
642361
642685
643011
643337
643669
643998
644325
644655
644982
645307
645631
645955
646286
646614
646943
647266
647655
648050
648385
648713
649045
649371
649693
650020
650586
650939
651274
651606
652003
652342
652667
652996
653321
653645
653970
654294
654630
654958
655284
655672
656061
656389
656717
657044
657372
657699
658027
658353
658686
659017
659345
659669
659997
660426
660776
661107
661438
661768
662094
662419
662757
663091
663417
663855
664195
664523
664853
665178
665507
665836
666166
666491
666821
667153
667482
667808
668134
668461
668785
669114
669436
669760
670083
670522
670863
671193
671521
671966
672312
672644
672972
673350
673688
674020
674346
674671
674997
675320
675646
675972
676298
676626
676956
677282
677731
678085
678417
678748
679076
679401
679839
680260
680624
680954
681284
681612
681938
682263
682592
682919
683248
683578
683903
684230
684575
684904
685232
685553
685878
686204
686529
686855
687175
687505
687951
688288
688616
688944
689272
689598
689921
690337
690684
691015
691383
691722
692045
692371
692695
693022
693347
693669
693993
694314
694638
694967
695292
695679
696076
696410
696737
697064
697391
697716
698043
698372
698701
699024
699373
699706
700037
700467
700808
701140
701470
701803
702130
702461
702784
703112
703437
703879
704223
704550
704879
705208
705533
705865
706193
706525
706856
707182
707511
707836
708163
708494
708835
709168
709501
709828
710154
710591
710926
711261
711640
712028
712366
712694
713028
713360
713686
714013
714342
714668
714998
715326
715653
715984
716376
716726
717064
717394
717724
718049
718377
718695
719020
719347
719792
720143
720586
720913
721248
721580
721905
722227
722550
722878
723206
723533
723861
724185
724510
724837
725160